%YAML:1.0
K_0: !!opencv-matrix
   rows: 3
   cols: 3
   dt: d
   data: [2629.3, -5.2, 702.8,
          0.0, 2626.1, 499.3,
          0.0, 0.0, 1.0]
C_0: !!opencv-matrix
   rows: 1
   cols: 5
   dt: d
   data: [0.0228, 1.2328, -0.0013, 0.0071, -5.3877]
E_0: !!opencv-matrix
   rows: 4
   cols: 4
   dt: d
   data: [0.999246968, -0.037858584, 0.008379772, 0.054859053,
          0.008679872, 0.009370770, -0.998234848, 0.101863458,
          0.037785264, 0.997554648, 0.009694082, 0.187560067,
          0.0, 0.0, 0.0, 1.0]